17.000000 100.000000
23.000000 1144.000000
25.000000 368.000000
26.000000 465.000000
26.000000 318.000000
29.000000 132.000000
29.000000 269.000000
35.000000 370.000000
38.000000 510.000000
38.000000 116.000000
48.000000 214.000000
50.000000 71.000000
50.000000 80.000000
50.000000 45.000000
50.000000 40.000000
50.000000 52.000000
50.000000 36.000000
50.000000 20.000000
56.000000 106.000000
56.000000 17.000000
59.000000 188.000000
60.000000 93.000000
70.000000 75.000000
75.000000 144.000000
75.000000 144.000000
90.000000 17.000000
98.000000 46.000000
100.000000 16.000000
105.000000 58.000000
110.000000 76.000000
112.000000 8.000000
115.000000 50.000000
125.000000 198.000000
133.000000 72.000000
140.000000 189.000000
140.000000 35.000000
143.000000 61.000000
143.000000 30.000000
160.000000 30.000000
167.000000 19.000000
180.000000 18.000000
180.000000 84.000000
200.000000 25.000000
200.000000 41.000000
225.000000 24.000000
240.000000 6.000000
250.000000 50.000000
300.000000 36.000000
300.000000 36.000000
320.000000 23.000000
320.000000 40.000000
330.000000 16.000000
400.000000 38.000000
480.000000 67.000000
700.000000 24.000000
800.000000 20.000000
800.000000 12.000000
900.000000 37.000000
900.000000 22.000000
1500.000000 12.000000
